F -1 1 0 1 0 2 1 2 
F -1 1 0 1 1 1 -1 2 
F -2 1 -1 1 0 1 -1 2 
F 1 0 1 1 2 1 1 2 
F 0 1 1 1 -1 2 0 2 
F -1 1 0 1 1 1 1 2 
F 0 1 1 1 2 1 1 2 
F 1 0 -1 1 0 1 0 2 
L 0 1 0 2 0 3 1 3 
L 1 0 2 0 3 0 0 1 
L -3 1 -2 1 -1 1 0 1 
L 1 0 1 1 1 2 1 3 
L 0 1 0 2 -1 3 0 3 
L 1 0 2 0 3 0 3 1 
L 0 1 1 1 2 1 3 1 
L 1 0 0 1 0 2 0 3 
Y 0 1 1 1 0 2 0 3 
Y 1 0 2 0 3 0 2 1 
Y -1 1 0 1 1 1 2 1 
Y 0 1 -1 2 0 2 0 3 
Y -1 1 0 1 0 2 0 3 
Y 1 0 2 0 3 0 1 1 
Y -2 1 -1 1 0 1 1 1 
Y 0 1 0 2 1 2 0 3 
N 0 1 1 1 1 2 1 3 
N 1 0 -2 1 -1 1 0 1 
N 1 0 2 0 -1 1 0 1 
N 0 1 0 2 1 2 1 3 
N -1 1 0 1 -1 2 -1 3 
N 1 0 1 1 2 1 3 1 
N 1 0 2 0 2 1 3 1 
N 0 1 -1 2 0 2 -1 3 
P 1 0 0 1 1 1 0 2 
P 1 0 2 0 1 1 2 1 
P 1 0 0 1 1 1 2 1 
P -1 1 0 1 -1 2 0 2 
P 1 0 0 1 1 1 1 2 
P 1 0 2 0 0 1 1 1 
P 1 0 -1 1 0 1 1 1 
P 0 1 1 1 0 2 1 2 
T 1 0 2 0 1 1 1 2
T -2 1 -1 1 0 1 0 2 
T 0 1 1 1 2 1 0 2 
T 0 1 -1 2 0 2 1 2 
U 2 0 0 1 1 1 2 1 
U 1 0 0 1 0 2 1 2 
U 1 0 1 1 0 2 1 2 
U 1 0 2 0 0 1 2 1 
V 0 1 0 2 1 2 2 2 
V 1 0 2 0 0 1 0 2 
V 0 1 -2 2 -1 2 0 2 
V 1 0 2 0 2 1 2 2 
W 0 1 1 1 1 2 2 2 
W 1 0 -1 1 0 1 -1 2 
W -1 1 0 1 -2 2 -1 2 
W 1 0 1 1 2 1 2 2 
Z 1 0 1 1 1 2 2 2 
Z -2 1 -1 1 0 1 -2 2 
Z -2 1 -1 1 0 1 -2 2 
Z 1 0 1 1 1 2 2 2 
I 0 1 0 2 0 3 0 4 
I 1 0 2 0 3 0 4 0 
X -1 1 0 1 1 1 0 2 
O 0 1 1 0 1 1
